0.000994
0.002977
0.001001
0.002999
0.002016
0.000987
0.000998
0.001999
0.000999
0.002010
0.014114
0.001028
0.000990
0.007818
0.000971
0.000999
0.004999
0.002957
0.003731
0.005365
0.001000
0.002996
0.017000
0.001002
0.002999
0.003999
0.000000
0.006034
0.004967
0.001000
0.002000
0.002999
0.001003
0.001000
0.006999
0.001000
0.005001
0.010014
0.000000
0.000986
0.012004
0.000000
0.006524
0.001999
0.000000
0.004001
0.002999
0.000987
0.002002
0.002996
0.001001
0.004999
1.630269
0.001024
0.000977
0.318537
0.001189
0.001183
0.020329
0.000993
0.004417
0.152234
0.000000
0.002002
0.022856
0.001986
0.001974
1.675984
0.001039
0.001960
0.007248
0.002914
0.002000
0.149378
0.001933
0.001006
0.033972
0.000000
0.003005
0.009020
0.001001
0.002013
0.020997
0.001000
0.003536
0.023034
0.001061
0.001969
0.005998
0.000000
0.002018
0.006025
0.001996
0.003013
0.004014
0.000993
0.000993
0.023000
0.001004
0.002997
0.049593
0.001997
0.002000
0.003004
0.000984
0.000999
0.266788
0.001000
0.008014
0.643630
0.000998
0.007999
0.006001
0.001001
0.006002
0.075873
0.001005
0.001001
0.018498
0.002014
0.002990
0.057312
0.001002
0.007999
0.042012
0.000999
0.005514
0.040998
0.001001
0.001000
0.004002
0.000999
0.003001
0.005035
0.001964
0.001002
0.021055
0.001107
0.016628
0.031652
0.001083
0.036216
0.076367
0.000476
0.000000
0.021006
0.000999
0.004000
0.005999
0.004000
0.176451
0.150766
0.000986
0.006321
0.039160
0.002999
0.030019
0.044524
0.000000
0.022999
0.018570
0.002002
0.002132
0.002999
0.000999
0.005999
0.002010
0.001016
0.002508
0.010511
0.002998
0.001986
2.223835
0.000000
0.003998
0.008001
0.002999
0.003225
0.127173
0.001032
0.029921
0.103853
0.001226
0.010014
0.592399
0.000000
0.009495
0.020489
0.001003
0.013014
0.007984
0.001001
0.003000
0.102311
0.002023
6.112916
0.024880
0.006179
0.148462
6.016207
0.001875
0.054429
0.010991
0.004056
0.016408
0.174479
0.001007
0.295723
0.048862
0.001002
0.002232
1.890123
0.000000
0.002048
4.987152
0.001001
0.003833
0.021004
0.002002
0.002999
0.018466
0.000578
0.002079
0.024024
0.000524
0.009696
0.338150
0.002027
0.003418
0.007817
0.000995
0.025999
0.004014
0.000988
0.001020
0.005980
0.001001
0.001019
0.004982
0.001000
0.012016
1.710513
0.000539
0.004740
0.051315
0.001680
0.005728
0.006005
0.000548
0.004439
0.540839
0.000000
0.005191
0.036102
0.001001
0.005014
0.007006
0.001415
0.005019
0.139758
0.001430
0.003052
0.043307
0.000805
0.003014
0.011451
0.000985
0.020015
0.108020
0.002149
0.002034
0.051810
0.001021
0.005020
0.007436
0.001977
0.004019
0.047111
0.000999
0.004016
0.019276
0.002003
0.003004
0.169350
0.001001
0.002000
0.015002
0.001000
0.021490
0.030435
0.000164
0.008024
0.144147
0.001079
0.002108
0.031925
0.001002
0.030531
0.062874
0.002004
0.001998
0.551651
0.001636
0.006047
0.692103
0.001977
0.029386
0.027209
0.000000
0.015156
0.007519
0.002000
0.003009
0.084255
0.000992
0.002385
2.422070
0.000947
0.003997
0.581501
0.002093
0.011919
4.250401
0.000270
0.004259
0.007359
0.001003
0.002248
0.015402